,sd,b,sv,+,%,aa,ba,qy,x,ny,fc,qw,nn,bk,h,qy^d,bh,^q,bf,fo_o_fw_"_by_bc,na,ad,^2,b^m,qo,qh,^h,ar,ng,br,no,fp,qrr,arp_nd,t3,oo_co_cc,aap_am,bd,t1,^g,qw^d,fa,ft
sd,0.9969967847874504,0.0003747544672934335,0.07495089345868669,0.014915227798278653,0.01154243759263775,0.002773183057971408,0.0011242634018803004,0.0010493125084216138,0.0002248526803760601,7.495089345868669e-05,0.0005246562542108069,0.0005996071476694935,7.495089345868669e-05,0.0,0.002398428590677974,0.0015739687626324206,7.495089345868669e-05,0.0013491160822563604,0.0005246562542108069,7.495089345868669e-05,0.0006745580411281802,0.0004497053607521202,0.000749508934586867,0.00029980357383474677,0.0,0.0011242634018803004,0.0003747544672934335,0.0,0.0,0.0,0.0002248526803760601,0.00029980357383474677,0.0,0.0,0.0,0.0,0.0,0.0,0.0,0.0,0.0,0.0,0.0
b,0.001801051160207064,0.9991677667241036,0.0006927119846950247,0.0012468815724510443,0.007758374228584276,0.03782207436434835,0.002216678351024079,0.00013854239693900493,0.0005541695877560197,0.009697967785730345,0.0008312543816340296,0.0,0.0004156271908170148,0.005126068686743182,0.0,0.0,0.0063729502591942265,0.0,0.00013854239693900493,0.0006927119846950247,0.00027708479387800986,0.0,0.00027708479387800986,0.0,0.0,0.0,0.00013854239693900493,0.00027708479387800986,0.0,0.0,0.0,0.0,0.0,0.0,0.0,0.0,0.0,0.0,0.0,0.0,0.0,0.0,0.0
sv,0.5514220585041224,0.0008238377368089478,0.8331745644927826,0.03212967173554897,0.020321330841287382,0.012357566052134217,0.008787602525962111,0.005217638999790003,0.0,0.0,0.0013730628946815797,0.0,0.00027461257893631597,0.0,0.0,0.0046684138419173715,0.0,0.0038445761051084234,0.0013730628946815797,0.0,0.0013730628946815797,0.0019222880525542117,0.0016476754736178957,0.0,0.0,0.0013730628946815797,0.0,0.0,0.0,0.0,0.0,0.0,0.0,0.0,0.0,0.0,0.0,0.0,0.0,0.0,0.0,0.00027461257893631597,0.00027461257893631597
+,0.17644687496592865,0.009381633433771257,0.06458893787096365,0.9818240220496766,0.0216499233087029,0.0046908167168856285,0.0036083205514504833,0.009020801378626209,0.0007216641102900967,0.0,0.0014433282205801934,0.0025258243860153385,0.0,0.0,0.001082496165435145,0.0,0.00036083205514504836,0.0007216641102900967,0.0018041602757252416,0.0,0.0,0.0032474884963054353,0.003969152606595532,0.0,0.0,0.0014433282205801934,0.00036083205514504836,0.0,0.0,0.0,0.00036083205514504836,0.0,0.0007216641102900967,0.0,0.0,0.0,0.0,0.0,0.0,0.0,0.0,0.0,0.0
%,0.11320505220217424,0.11156439927170794,0.022148814561294958,0.013125223443730346,0.9868527376754754,0.013125223443730346,0.0008203264652331466,0.0016406529304662932,0.0020508161630828667,0.002871142628316013,0.0008203264652331466,0.0016406529304662932,0.0004101632326165733,0.0008203264652331466,0.00123048969784972,0.0,0.0,0.0,0.0004101632326165733,0.00123048969784972,0.0004101632326165733,0.0,0.0,0.0,0.0004101632326165733,0.0008203264652331466,0.0004101632326165733,0.0004101632326165733,0.0,0.0,0.0,0.0,0.0,0.0,0.0,0.0,0.0,0.0,0.0,0.0,0.0,0.0,0.0
aa,0.1128491454625166,0.6791466754198727,0.040352118680536245,0.0034196710746217155,0.006839342149243431,0.723602399389955,0.010259013223865146,0.0,0.0,0.01983409223280595,0.006155407934319088,0.0,0.010942947438789489,0.001367868429848686,0.0,0.0,0.000683934214924343,0.000683934214924343,0.000683934214924343,0.002735736859697372,0.007523276364167774,0.001367868429848686,0.0034196710746217155,0.000683934214924343,0.0,0.0,0.0,0.0,0.0,0.0,0.0,0.0,0.0,0.0,0.0,0.0,0.0,0.0,0.0,0.0,0.0,0.0,0.0
ba,0.11042699146073678,0.03786068278653833,0.11673710525849318,0.004732585348317291,0.007887642247195485,0.17668318633717886,0.9701799964050446,0.001577528449439097,0.0,0.0,0.004732585348317291,0.0,0.001577528449439097,0.003155056898878194,0.0,0.0,0.009465170696634582,0.004732585348317291,0.003155056898878194,0.0,0.004732585348317291,0.0,0.003155056898878194,0.0,0.001577528449439097,0.0,0.0,0.0,0.0,0.0,0.0,0.0,0.0,0.0,0.0,0.0,0.0,0.0,0.0,0.0,0.0,0.0,0.0
qy,0.041088180835727205,0.00410881808357272,0.017804878362148453,0.015065666306433308,0.02739212055715147,0.0013696060278575734,0.0,0.9970731882803134,0.0,0.0013696060278575734,0.0,0.01643527233429088,0.0,0.0,0.0,0.0068480301392878674,0.04930581700287264,0.00410881808357272,0.0,0.0,0.0,0.0013696060278575734,0.0013696060278575734,0.0,0.00410881808357272,0.002739212055715147,0.0,0.0,0.0,0.0,0.0,0.0,0.0068480301392878674,0.0013696060278575734,0.0,0.0,0.0,0.0,0.0,0.0,0.0,0.0,0.0
x,0.0,0.0015455839775654178,0.0,0.0030911679551308357,0.0015455839775654178,0.0,0.0,0.0,0.9999928334848254,0.0,0.0,0.0,0.0,0.0,0.0,0.0,0.0,0.0,0.0,0.0,0.0,0.0,0.0,0.0,0.0,0.0,0.0,0.0,0.0,0.0,0.0,0.0,0.0,0.0,0.0,0.0,0.0,0.0,0.0,0.0,0.0,0.0,0.0
ny,0.0,0.31855499816495886,0.0,0.0,0.007131828317125945,0.05705462653700756,0.0,0.0,0.0,0.946155890072042,0.0,0.0,0.002377276105708648,0.0,0.0,0.0,0.0,0.0,0.0,0.0,0.0,0.0,0.0,0.0,0.0,0.0,0.0,0.0,0.0,0.0,0.0,0.0,0.0,0.0,0.0,0.0,0.0,0.0,0.0,0.0,0.0,0.0,0.0
fc,0.15105698652150312,0.11509103734971665,0.031170489282214928,0.0,0.011988649723928818,0.016784109613500346,0.01918183955828611,0.014386379668714581,0.0,0.007193189834357291,0.9806715474173774,0.004795459889571528,0.004795459889571528,0.007193189834357291,0.0,0.002397729944785764,0.002397729944785764,0.004795459889571528,0.002397729944785764,0.0,0.0,0.004795459889571528,0.0,0.0,0.0,0.002397729944785764,0.002397729944785764,0.0,0.0,0.0,0.0,0.0,0.0,0.0,0.0,0.0,0.0,0.0,0.0,0.0,0.0,0.0,0.004795459889571528
qw,0.01961632954454999,0.0,0.0,0.0,0.01961632954454999,0.0,0.0,0.0065387765148499965,0.0,0.0,0.0,0.9938940302571995,0.0,0.0,0.0,0.0032693882574249982,0.0,0.0,0.0,0.0,0.0,0.0,0.0,0.0,0.10135103598017495,0.03269388257424998,0.0,0.0,0.0,0.0032693882574249982,0.0,0.0,0.0,0.0,0.0,0.0,0.0,0.0,0.0,0.0,0.0,0.0,0.0
nn,0.0,0.013172980944868722,0.0,0.0,0.004390993648289574,0.07464689202092276,0.004390993648289574,0.0,0.0,0.0,0.0,0.0,0.9967555581617333,0.0,0.0,0.0,0.0,0.0,0.0,0.0,0.0,0.0,0.0,0.0,0.0,0.0,0.0,0.026345961889737445,0.0,0.0,0.0,0.0,0.0,0.0,0.0,0.0,0.0,0.0,0.0,0.0,0.0,0.0,0.0
bk,0.03770826518537997,0.7604500145718295,0.0,0.0,0.0062847108642299955,0.0062847108642299955,0.018854132592689987,0.0,0.0,0.0,0.012569421728459991,0.0,0.0,0.6473252190156895,0.0,0.0,0.0062847108642299955,0.0,0.0,0.025138843456919982,0.0,0.0,0.0,0.0,0.0,0.0,0.0,0.0,0.0,0.0,0.0,0.0,0.0,0.0,0.0,0.0,0.0,0.0,0.0,0.0,0.0,0.0,0.0
h,0.23150175496485484,0.0,0.050817458406919355,0.005646384267435484,0.022585537069741937,0.0,0.0,0.0,0.0,0.0,0.0,0.0,0.0,0.0,0.9711780939989033,0.0,0.0,0.005646384267435484,0.0,0.0,0.0,0.005646384267435484,0.0,0.0,0.0,0.0,0.0,0.0,0.0,0.0,0.005646384267435484,0.0,0.0,0.0,0.0,0.0,0.0,0.0,0.0,0.0,0.0,0.0,0.0
qy^d,0.6945437356003695,0.008574614019757648,0.4201560869681248,0.04287307009878824,0.0,0.008574614019757648,0.017149228039515296,0.5402006832447319,0.0,0.0,0.0,0.025723842059272944,0.0,0.0,0.008574614019757648,0.20579073647418356,0.05144768411854589,0.0,0.017149228039515296,0.0,0.008574614019757648,0.0,0.025723842059272944,0.008574614019757648,0.0,0.008574614019757648,0.0,0.0,0.0,0.0,0.008574614019757648,0.0,0.0,0.0,0.0,0.0,0.0,0.0,0.0,0.0,0.0,0.0,0.0
bh,0.026366599612973565,0.04745987930335242,0.005273319922594714,0.0,0.0,0.0,0.005273319922594714,0.058006519148541845,0.0,0.0,0.0,0.01581995976778414,0.0,0.005273319922594714,0.0,0.0,0.9966574653704008,0.0,0.005273319922594714,0.0,0.0,0.0,0.0,0.0,0.0,0.0,0.0,0.0,0.0,0.0,0.0,0.0,0.0,0.0,0.0,0.0,0.0,0.0,0.0,0.0,0.0,0.0,0.0
^q,0.9201749448683804,0.0347235828252219,0.2777886626017752,0.0347235828252219,0.01736179141261095,0.01736179141261095,0.043404478531527374,0.0694471656504438,0.0,0.0,0.0,0.01736179141261095,0.0,0.0,0.0,0.0,0.008680895706305475,0.25174597548285876,0.0,0.0,0.008680895706305475,0.0347235828252219,0.008680895706305475,0.0,0.0,0.0347235828252219,0.0,0.008680895706305475,0.0,0.0,0.0,0.0,0.0,0.0,0.0,0.0,0.0,0.0,0.0,0.0,0.0,0.0,0.0
bf,0.8159720761000854,0.011332945501390074,0.5326484385653335,0.11332945501390075,0.045331782005560296,0.0,0.022665891002780148,0.10199650951251067,0.0,0.0,0.0,0.011332945501390074,0.0,0.0,0.0,0.12466240051529083,0.011332945501390074,0.033998836504170224,0.033998836504170224,0.0,0.0,0.0,0.07933061850973053,0.0,0.0,0.0,0.0,0.0,0.0,0.011332945501390074,0.0,0.0,0.0,0.0,0.0,0.0,0.0,0.0,0.0,0.0,0.0,0.0,0.0
fo_o_fw_"_by_bc,0.15904436366040028,0.12723549092832023,0.06361774546416012,0.03180887273208006,0.09542661819624017,0.06361774546416012,0.03180887273208006,0.06361774546416012,0.0,0.03180887273208006,0.021205915154720038,0.0,0.010602957577360019,0.010602957577360019,0.0,0.0,0.010602957577360019,0.021205915154720038,0.0,0.9648691395397617,0.0,0.03180887273208006,0.0,0.0,0.0,0.0,0.021205915154720038,0.021205915154720038,0.0,0.0,0.0,0.0,0.0,0.0,0.0,0.0,0.0,0.0,0.0,0.0,0.0,0.010602957577360019,0.0
na,0.816830049016339,0.16336600980326782,0.09335200560186732,0.05834500350116708,0.011669000700233415,0.12835900770256756,0.02333800140046683,0.0,0.0,0.011669000700233415,0.0,0.0,0.0,0.0,0.0,0.0,0.0,0.0,0.0,0.02333800140046683,0.5251050315105037,0.011669000700233415,0.0,0.0,0.0,0.0,0.0,0.0,0.0,0.0,0.011669000700233415,0.0,0.0,0.011669000700233415,0.0,0.0,0.0,0.0,0.0,0.0,0.0,0.0,0.0
ad,0.6536662588779373,0.010375654902824402,0.2905183372790832,0.010375654902824402,0.020751309805648804,0.0,0.0,0.10375654902824401,0.0,0.0,0.031126964708473204,0.010375654902824402,0.0,0.0,0.010375654902824402,0.0,0.0,0.0726295843197708,0.0,0.0,0.0,0.6847932235864105,0.0,0.0,0.010375654902824402,0.0,0.020751309805648804,0.0,0.0,0.0,0.0,0.0,0.0,0.0,0.0,0.0,0.0,0.0,0.0,0.0,0.0,0.031126964708473204,0.0
^2,0.7181340884494163,0.01632122928294128,0.4243519613564733,0.35906704422470814,0.11424860498058896,0.01632122928294128,0.06528491713176512,0.01632122928294128,0.0,0.0,0.01632122928294128,0.0,0.0,0.0,0.0,0.0,0.0,0.048963687848823836,0.03264245856588256,0.0,0.0,0.0,0.3917095027905907,0.0,0.0,0.0,0.0,0.0,0.0,0.0,0.0,0.0,0.0,0.0,0.0,0.0,0.0,0.0,0.0,0.0,0.0,0.0,0.0
b^m,0.694145697998749,0.651646981794744,0.1416623873466835,0.1416623873466835,0.12749614861201514,0.07083119367334174,0.0,0.028332477469336696,0.0,0.028332477469336696,0.04249871620400505,0.0,0.04249871620400505,0.0,0.0,0.0,0.0,0.014166238734668348,0.0,0.0,0.014166238734668348,0.0,0.11332990987734679,0.11332990987734679,0.0,0.0,0.028332477469336696,0.0,0.0,0.0,0.0,0.0,0.0,0.0,0.0,0.0,0.0,0.0,0.0,0.0,0.0,0.0,0.0
qo,0.0,0.0,0.0,0.009908763966219123,0.009908763966219123,0.0,0.0,0.05945258379731473,0.0,0.0,0.0,0.2675366270879163,0.0,0.0,0.0,0.0,0.0,0.0,0.0,0.0,0.0,0.0,0.0,0.0,0.9611501047232549,0.029726291898657366,0.0,0.0,0.0,0.0,0.0,0.0,0.0,0.0,0.0,0.0,0.0,0.0,0.0,0.0,0.0,0.0,0.0
qh,0.3332052513561424,0.0,0.19600308903302494,0.13720216232311744,0.07840123561320997,0.019600308903302492,0.019600308903302492,0.39200617806604987,0.0,0.0,0.0,0.4508071047759573,0.0,0.0,0.0,0.019600308903302492,0.0,0.0,0.039200617806604984,0.0,0.0,0.0,0.039200617806604984,0.0,0.13720216232311744,0.6664105027122847,0.0,0.0,0.0,0.039200617806604984,0.0,0.0,0.0,0.0,0.0,0.0,0.0,0.0,0.0,0.0,0.0,0.0,0.0
^h,0.7835275464833553,0.07835275464833553,0.02611758488277851,0.05223516976555702,0.05223516976555702,0.0,0.07835275464833553,0.0,0.0,0.02611758488277851,0.02611758488277851,0.0,0.0,0.0,0.0,0.0,0.0,0.0,0.02611758488277851,0.0,0.02611758488277851,0.02611758488277851,0.0,0.0,0.0,0.0,0.6007044523039058,0.02611758488277851,0.0,0.0,0.05223516976555702,0.0,0.0,0.0,0.0,0.0,0.0,0.0,0.0,0.0,0.0,0.0,0.0
ar,0.3144854510165755,0.0,0.026207120918047958,0.026207120918047958,0.026207120918047958,0.7862136275414388,0.0,0.0,0.0,0.0,0.0,0.0,0.5241424183609592,0.0,0.0,0.0,0.0,0.0,0.0,0.0,0.0,0.0,0.0,0.0,0.0,0.0,0.0,0.07862136275414387,0.0,0.0,0.0,0.0,0.0,0.0,0.0,0.0,0.0,0.0,0.0,0.0,0.0,0.0,0.0
ng,0.9447780870674429,0.0,0.07267523746672638,0.0,0.02422507915557546,0.0,0.04845015831115092,0.0,0.0,0.0,0.0,0.0,0.0,0.0,0.0,0.0,0.0,0.0,0.0,0.0,0.19380063324460367,0.0,0.0,0.0,0.0,0.0,0.0,0.0,0.2422507915557546,0.0,0.04845015831115092,0.0,0.0,0.02422507915557546,0.0,0.0,0.0,0.0,0.0,0.0,0.0,0.0,0.0
br,0.0,0.03869116162670684,0.0,0.0,0.0,0.0,0.0,0.5416762627738958,0.0,0.0,0.0,0.19345580813353422,0.0,0.0,0.0,0.0,0.0,0.0,0.0,0.0,0.0,0.0,0.0,0.0,0.03869116162670684,0.0,0.0,0.0,0.0,0.8125143941608437,0.0,0.0,0.0,0.0,0.0,0.0,0.0,0.0,0.0,0.0,0.0,0.07738232325341368,0.0
no,0.8385566513510483,0.0,0.11566298639324804,0.0,0.02891574659831201,0.0,0.0,0.0,0.0,0.0,0.0,0.0,0.0,0.0,0.05783149319662402,0.0,0.0,0.0,0.0,0.0,0.08674723979493604,0.0,0.0,0.0,0.0,0.0,0.02891574659831201,0.0,0.0,0.0,0.5204834387696162,0.0,0.0,0.0,0.0,0.0,0.0,0.0,0.0,0.0,0.0,0.0,0.0
fp,0.22067624415538759,0.018389687012948967,0.0,0.0,0.0,0.0,0.0,0.0,0.0,0.0,0.018389687012948967,0.018389687012948967,0.0,0.0,0.0,0.0,0.0,0.0,0.0,0.0,0.0,0.018389687012948967,0.0,0.0,0.0,0.0,0.0,0.0,0.0,0.0,0.0,0.9746534116862952,0.0,0.0,0.0,0.0,0.0,0.0,0.0,0.0,0.0,0.0,0.0
qrr,0.07129230057995191,0.0,0.0,0.0,0.035646150289975954,0.0,0.0,0.35646150289975953,0.0,0.0,0.0,0.035646150289975954,0.0,0.0,0.0,0.0,0.035646150289975954,0.0,0.0,0.0,0.0,0.0,0.0,0.0,0.0,0.07129230057995191,0.0,0.0,0.0,0.0,0.0,0.0,0.9267999075393748,0.0,0.0,0.0,0.0,0.0,0.0,0.0,0.0,0.0,0.0
arp_nd,0.9474926722027046,0.0,0.2915362068316014,0.0,0.10932607756185053,0.03644202585395018,0.0,0.03644202585395018,0.0,0.0,0.0,0.0,0.0,0.0,0.03644202585395018,0.0,0.0,0.0,0.0,0.0,0.03644202585395018,0.0,0.0,0.0,0.0,0.0,0.0,0.0,0.0,0.0,0.0,0.0,0.0,0.0,0.0,0.0,0.0,0.0,0.0,0.0,0.0,0.0,0.0
t3,0.8890008890013334,0.1270001270001905,0.1270001270001905,0.1270001270001905,0.1270001270001905,0.0,0.254000254000381,0.0,0.0,0.0,0.1270001270001905,0.0,0.1270001270001905,0.0,0.0,0.0,0.0,0.1270001270001905,0.0,0.0,0.0,0.1270001270001905,0.0,0.0,0.0,0.1270001270001905,0.0,0.0,0.0,0.0,0.0,0.0,0.0,0.0,0.0,0.0,0.0,0.0,0.0,0.0,0.0,0.0,0.0
oo_co_cc,0.9866022655651318,0.0,0.061662641597820735,0.0,0.0,0.0,0.0,0.061662641597820735,0.0,0.0,0.0,0.0,0.0,0.0,0.0,0.0,0.0,0.12332528319564147,0.0,0.0,0.0,0.061662641597820735,0.0,0.0,0.0,0.0,0.0,0.0,0.0,0.0,0.0,0.0,0.0,0.0,0.0,0.0,0.0,0.0,0.0,0.0,0.0,0.0,0.0
aap_am,0.6099942813304187,0.0,0.6099942813304187,0.0,0.0,0.457495710997814,0.0,0.0,0.0,0.0,0.0,0.0,0.0,0.0,0.15249857033260467,0.0,0.0,0.0,0.0,0.0,0.15249857033260467,0.0,0.0,0.0,0.0,0.0,0.0,0.0,0.0,0.0,0.0,0.0,0.0,0.0,0.0,0.0,0.0,0.0,0.0,0.0,0.0,0.0,0.0
bd,0.6082287370157644,0.07602859212697055,0.1520571842539411,0.0,0.0,0.07602859212697055,0.6082287370157644,0.0,0.0,0.0,0.1520571842539411,0.0,0.38014296063485276,0.0,0.0,0.0,0.0,0.07602859212697055,0.0,0.0,0.0,0.22808577638091165,0.0,0.0,0.0,0.0,0.0,0.0,0.0,0.0,0.0,0.0,0.0,0.0,0.0,0.0,0.0,0.0,0.0,0.0,0.0,0.0,0.0
t1,0.46188021535170054,0.0,0.11547005383792514,0.11547005383792514,0.11547005383792514,0.0,0.0,0.11547005383792514,0.0,0.0,0.0,0.808290376865476,0.0,0.11547005383792514,0.11547005383792514,0.0,0.0,0.0,0.0,0.0,0.11547005383792514,0.0,0.0,0.0,0.11547005383792514,0.11547005383792514,0.11547005383792514,0.0,0.0,0.0,0.0,0.0,0.0,0.0,0.0,0.0,0.0,0.0,0.0,0.0,0.0,0.0,0.0
^g,0.0,0.3682298471593294,0.0,0.0,0.0,0.09205746178983235,0.0,0.0,0.0,0.0,0.0,0.0,0.0,0.0,0.0,0.0,0.9205746178983234,0.0,0.0,0.0,0.0,0.0,0.0,0.0,0.0,0.0,0.0,0.0,0.0,0.0,0.0,0.0,0.0,0.0,0.0,0.0,0.0,0.0,0.0,0.09205746178983235,0.0,0.0,0.0
qw^d,0.9561828874675149,0.0,0.0,0.0,0.0,0.0,0.0,0.11952286093343936,0.0,0.0,0.0,0.23904572186687872,0.0,0.0,0.0,0.0,0.0,0.0,0.0,0.0,0.0,0.0,0.0,0.0,0.11952286093343936,0.0,0.0,0.0,0.0,0.0,0.0,0.0,0.0,0.0,0.0,0.0,0.0,0.0,0.0,0.0,0.0,0.0,0.0
fa,0.21566554640687682,0.0,0.0,0.0,0.10783277320343841,0.0,0.0,0.0,0.0,0.0,0.0,0.0,0.0,0.0,0.0,0.0,0.0,0.0,0.0,0.0,0.0,0.0,0.0,0.0,0.0,0.0,0.0,0.0,0.0,0.0,0.0,0.0,0.0,0.0,0.0,0.0,0.0,0.0,0.0,0.0,0.0,0.9704949588309457,0.0
ft,0.0,0.0,0.0,0.0,0.0,0.0,0.07647191129018725,0.0,0.0,0.0,0.8411910241920598,0.0,0.0,0.0,0.0,0.0,0.0,0.0,0.0,0.0,0.0,0.0,0.0,0.0,0.0,0.0,0.0,0.0,0.0,0.0,0.0,0.0,0.0,0.0,0.0,0.0,0.0,0.0,0.0,0.0,0.0,0.0,0.5353033790313108
