,sd,b,sv,+,%,aa,ba,qy,x,ny,fc,qw,nn,bk,h,qy^d,bh,^q,bf,fo_o_fw_"_by_bc,na,ad,^2,b^m,qo,qh,^h,ar,ng,br,no,fp,qrr,arp_nd,t3,oo_co_cc,aap_am,bd,t1,^g,qw^d,fa,ft
sd,0.9932896134765707,0.0003970617258860612,0.10792137709583144,0.030891402273935564,0.02628548625365725,0.0071471110659491015,0.003335318497442914,0.0015882469035442448,0.00023823703553163672,7.941234517721224e-05,0.0007147111065949101,0.0014294222131898203,0.0,0.0,0.0034147308426201264,0.0008735357969493347,0.0,0.0,0.0,0.0,0.0011117728324809713,0.00023823703553163672,0.00023823703553163672,0.0007941234517721224,0.0,0.0003970617258860612,0.0011911851776581837,0.0,0.0001588246903544245,0.0,0.0,0.0,7.941234517721224e-05,0.0,0.0,0.0,0.0,0.0,0.0,0.0,0.0,0.0,0.0
b,0.001097134095294791,0.9996263025754665,0.0005485670476473955,0.002331409952501431,0.012891325619713795,0.018102712572364052,0.0013714176191184889,0.0005485670476473955,0.0005485670476473955,0.012617042095890096,0.0015085593810303377,0.0,0.002194268190589582,0.00863993100044648,0.0,0.0,0.00041142528573554665,0.0,0.0,0.0016457011429421866,0.00027428352382369775,0.0,0.00013714176191184887,0.00013714176191184887,0.0,0.0,0.00013714176191184887,0.0,0.0,0.0,0.0,0.0,0.0,0.0,0.0,0.0,0.0,0.0,0.0,0.0,0.0,0.0,0.0
sv,0.3464330478512214,0.00026364767720793105,0.9356856064109473,0.043238219062100694,0.037437970163526214,0.023200995594297932,0.025310177011961383,0.003954715158118966,0.0,0.0,0.0007909430316237932,0.0007909430316237932,0.0,0.0,0.0,0.0026364767720793107,0.0,0.0,0.0,0.0,0.0007909430316237932,0.0005272953544158621,0.0,0.00026364767720793105,0.0,0.0010545907088317242,0.0005272953544158621,0.0,0.0,0.0,0.0,0.0,0.0005272953544158621,0.0,0.0,0.0,0.0,0.0,0.0,0.0,0.0,0.0,0.0
+,0.08601699959468474,0.008001581357645093,0.05067668193175225,0.9945298829106379,0.02767213552852261,0.00466758912529297,0.003333992232352122,0.00766818213440988,0.0006667984464704243,0.0,0.001666996116176061,0.0040007906788225465,0.0,0.0,0.0013335968929408487,0.0,0.0003333992232352122,0.0,0.0,0.0,0.0,0.0003333992232352122,0.0006667984464704243,0.0,0.0,0.0,0.0003333992232352122,0.0,0.0,0.0,0.0,0.0,0.0,0.0,0.0,0.0,0.0,0.0,0.0,0.0,0.0,0.0,0.0
%,0.0564364505095341,0.09598035800941174,0.01382117155335529,0.010365878665016467,0.9935886661134303,0.006910585776677645,0.000383921432037647,0.000767842864075294,0.001919607160188235,0.003071371456301176,0.001151764296112941,0.0042231357524141165,0.000383921432037647,0.000767842864075294,0.001151764296112941,0.0,0.0,0.0,0.0,0.000767842864075294,0.000383921432037647,0.0,0.000383921432037647,0.000383921432037647,0.001151764296112941,0.0,0.000767842864075294,0.0,0.0,0.0,0.0,0.0,0.0,0.0,0.0,0.0,0.0,0.0,0.0,0.0,0.0,0.0,0.0
aa,0.041971627442656,0.7494933471902857,0.039972978516815236,0.007994595703363047,0.00732837939474946,0.6582217129102242,0.01465675878949892,0.0006662163086135873,0.0,0.02997973388761143,0.003997297851681523,0.0,0.01732162402395327,0.0019986489258407617,0.0006662163086135873,0.0,0.0,0.0,0.0,0.008660812011976635,0.0033310815430679366,0.0019986489258407617,0.0,0.0006662163086135873,0.0,0.0,0.0013324326172271747,0.0,0.0,0.0,0.0,0.0,0.0,0.0,0.0,0.0,0.0,0.0,0.0,0.0,0.0,0.0,0.0
ba,0.03512125339785248,0.05707203677151028,0.05707203677151028,0.00878031334946312,0.01317047002419468,0.18292319478048166,0.9790049384651378,0.0014633855582438533,0.0,0.0,0.0029267711164877065,0.0,0.0014633855582438533,0.005853542232975413,0.0014633855582438533,0.0,0.0014633855582438533,0.0,0.0,0.0,0.005853542232975413,0.0014633855582438533,0.0014633855582438533,0.0,0.0,0.0,0.0,0.0,0.0,0.0,0.0,0.0,0.0,0.0,0.0,0.0,0.0,0.0,0.0,0.0,0.0,0.0,0.0
qy,0.04066407189972071,0.0013554690633240237,0.01084375250659219,0.02982031939312852,0.033886726583100595,0.0027109381266480475,0.0013554690633240237,0.9976252306064815,0.0,0.0013554690633240237,0.0,0.01897656688653633,0.0,0.0,0.0,0.01084375250659219,0.01897656688653633,0.0,0.0,0.0,0.0013554690633240237,0.004066407189972071,0.0,0.0013554690633240237,0.004066407189972071,0.0,0.0013554690633240237,0.0,0.0,0.0,0.0,0.0,0.006777345316620119,0.0,0.0,0.0,0.0,0.0,0.0,0.0,0.0,0.0,0.0
x,0.0,0.0,0.0,0.00462958001591211,0.0,0.0,0.0,0.0,0.9999892834370158,0.0,0.0,0.0,0.0,0.0,0.0,0.0,0.0,0.0,0.0,0.0,0.0,0.0,0.0,0.0,0.0,0.0,0.0,0.0,0.0,0.0,0.0,0.0,0.0,0.0,0.0,0.0,0.0,0.0,0.0,0.0,0.0,0.0,0.0
ny,0.0,0.36504806182153265,0.0,0.002385935044585181,0.007157805133755543,0.02863122053502217,0.0,0.0,0.0,0.9305146673882205,0.0,0.0,0.002385935044585181,0.0,0.0,0.0,0.0,0.0,0.0,0.0,0.0,0.0,0.0,0.0,0.0,0.0,0.0,0.0,0.0,0.0,0.0,0.0,0.0,0.0,0.0,0.0,0.0,0.0,0.0,0.0,0.0,0.0,0.0
fc,0.1287530856534878,0.10446005062452784,0.03886885604633594,0.004858607005791993,0.017005124520271975,0.036439552543439946,0.02672233853185596,0.017005124520271975,0.0,0.009717214011583986,0.9838679186728786,0.004858607005791993,0.007287910508687989,0.009717214011583986,0.0,0.0,0.0024293035028959964,0.0,0.0,0.0,0.0024293035028959964,0.004858607005791993,0.0,0.0,0.0024293035028959964,0.0,0.007287910508687989,0.0,0.0,0.0,0.0,0.0,0.0,0.0,0.0,0.0,0.0,0.0,0.0,0.0,0.0,0.0,0.0
qw,0.0059126329836556475,0.0,0.0,0.0,0.008868949475483471,0.0,0.0,0.011825265967311295,0.0,0.0,0.0,0.9992349742378045,0.0,0.0,0.0,0.0,0.0,0.0,0.0,0.0,0.0,0.0,0.0,0.0,0.035475797901933885,0.0029563164918278238,0.0029563164918278238,0.0,0.0,0.0,0.0,0.0,0.0,0.0,0.0,0.0,0.0,0.0,0.0,0.0,0.0,0.0,0.0
nn,0.0,0.008977098336891302,0.0,0.0,0.008977098336891302,0.12567937671647822,0.004488549168445651,0.0,0.0,0.0,0.0,0.0,0.9919693662264889,0.0,0.0,0.0,0.0,0.0,0.0,0.0,0.004488549168445651,0.0,0.0,0.0,0.0,0.0,0.0,0.0,0.0,0.0,0.0,0.0,0.0,0.0,0.0,0.0,0.0,0.0,0.0,0.0,0.0,0.0,0.0
bk,0.018698939800169144,0.6482299130725303,0.0,0.0,0.01246595986677943,0.006232979933389715,0.018698939800169144,0.0,0.0,0.0,0.018698939800169144,0.0,0.0,0.7604235518735453,0.0,0.0,0.0,0.0,0.0,0.01246595986677943,0.0,0.0,0.0,0.01246595986677943,0.0,0.0,0.0,0.0,0.0,0.0,0.0,0.0,0.0,0.0,0.0,0.0,0.0,0.0,0.0,0.0,0.0,0.0,0.0
h,0.22190634114964863,0.0,0.03982934328327027,0.011379812366648649,0.045519249466594594,0.01706971854997297,0.0,0.0,0.0,0.0,0.0,0.0,0.0,0.0,0.9729739573484594,0.0,0.0,0.0,0.0,0.0,0.0,0.0,0.0,0.0,0.0,0.0,0.0,0.0,0.0,0.0,0.0,0.0,0.0,0.0,0.0,0.0,0.0,0.0,0.0,0.0,0.0,0.0,0.0
qy^d,0.6198839978419514,0.008609499970027102,0.38742749865121956,0.09470449967029812,0.017218999940054203,0.017218999940054203,0.04304749985013551,0.6457124977520327,0.0,0.0,0.0,0.0,0.0,0.0,0.008609499970027102,0.18940899934059624,0.025828499910081307,0.0,0.0,0.0,0.008609499970027102,0.0,0.008609499970027102,0.008609499970027102,0.0,0.017218999940054203,0.0,0.0,0.0,0.0,0.0,0.0,0.008609499970027102,0.0,0.0,0.0,0.0,0.0,0.0,0.0,0.0,0.0,0.0
bh,0.006416719627102422,0.1475845514233557,0.0,0.006416719627102422,0.0,0.025666878508409686,0.012833439254204843,0.22458518694858476,0.0,0.0,0.0,0.019250158881307263,0.0,0.006416719627102422,0.0,0.0,0.9625079440653632,0.0,0.0,0.0,0.0,0.0,0.0,0.0,0.0,0.0,0.006416719627102422,0.0,0.0,0.0,0.0,0.0,0.0,0.0,0.0,0.0,0.0,0.0,0.0,0.0,0.0,0.0,0.0
^q,0.9402520314881772,0.0321453685978864,0.3134173438293924,0.048218052896829594,0.0080363421494716,0.040181710747358,0.0642907371957728,0.0642907371957728,0.0,0.0,0.0,0.0321453685978864,0.0,0.0,0.0,0.0080363421494716,0.0,0.0,0.0,0.0,0.0080363421494716,0.048218052896829594,0.0,0.0,0.0,0.0160726842989432,0.024109026448414797,0.0,0.0,0.0,0.0080363421494716,0.0,0.0,0.0,0.0,0.0,0.0,0.0,0.0,0.0,0.0,0.0,0.0
bf,0.7444880905123665,0.0,0.6048965735412979,0.22101990187085882,0.0814283848997901,0.04653050565702291,0.058163132071278635,0.09306101131404582,0.0,0.0,0.0,0.011632626414255727,0.0,0.0,0.0,0.09306101131404582,0.011632626414255727,0.0,0.0,0.0,0.0,0.0,0.03489787924276718,0.0,0.0,0.0,0.0,0.0,0.0,0.0,0.0,0.0,0.0,0.0,0.0,0.0,0.0,0.0,0.0,0.0,0.0,0.0,0.0
fo_o_fw_"_by_bc,0.1251154483716597,0.08341029891443978,0.052131436821524865,0.06255772418582985,0.10426287364304973,0.04170514945721989,0.07298401155013481,0.09383658627874476,0.0,0.04170514945721989,0.010426287364304973,0.010426287364304973,0.03127886209291492,0.010426287364304973,0.020852574728609945,0.0,0.0,0.0,0.0,0.9696447248803625,0.0,0.0,0.010426287364304973,0.010426287364304973,0.0,0.0,0.010426287364304973,0.0,0.0,0.0,0.0,0.0,0.0,0.0,0.0,0.0,0.0,0.0,0.0,0.0,0.0,0.0,0.0
na,0.7901448342300307,0.19429791005656494,0.14248513404148094,0.07771916402262598,0.02590638800754199,0.15543832804525196,0.02590638800754199,0.0,0.0,0.12953194003770996,0.02590638800754199,0.0,0.0,0.0,0.0,0.0,0.0,0.0,0.0,0.012953194003770995,0.5181277601508398,0.0,0.0,0.0,0.0,0.0,0.0,0.0,0.0,0.0,0.0,0.0,0.0,0.0,0.0,0.0,0.0,0.0,0.0,0.0,0.0,0.0,0.0
ad,0.8324593881591537,0.0,0.14041483655696568,0.07020741827848284,0.060177787095842435,0.010029631182640405,0.010029631182640405,0.10029631182640406,0.0,0.0,0.030088893547921217,0.0,0.0,0.0,0.0,0.0,0.02005926236528081,0.0,0.0,0.010029631182640405,0.02005926236528081,0.5115111903146606,0.0,0.0,0.010029631182640405,0.0,0.07020741827848284,0.0,0.0,0.0,0.0,0.0,0.0,0.0,0.0,0.0,0.0,0.0,0.0,0.0,0.0,0.0,0.0
^2,0.6722033044417766,0.01563263498701806,0.4377137796365057,0.5627748595326502,0.14069371488316254,0.01563263498701806,0.03126526997403612,0.04689790496105418,0.0,0.0,0.01563263498701806,0.0,0.0,0.0,0.0,0.01563263498701806,0.0,0.0,0.0,0.0,0.0,0.0,0.10942844490912643,0.06253053994807224,0.0,0.0,0.0,0.0,0.0,0.0,0.0,0.0,0.0,0.0,0.0,0.0,0.0,0.0,0.0,0.0,0.0,0.0,0.0
b^m,0.7232717276712438,0.578617382136995,0.115723476427399,0.15911978008767363,0.115723476427399,0.043396303660274624,0.014465434553424875,0.014465434553424875,0.0,0.0578617382136995,0.02893086910684975,0.0,0.0578617382136995,0.0,0.0,0.0,0.0,0.0,0.0,0.0578617382136995,0.02893086910684975,0.014465434553424875,0.014465434553424875,0.27484325651507263,0.0,0.0,0.0,0.0,0.0,0.0,0.0,0.0,0.0,0.0,0.0,0.0,0.0,0.0,0.0,0.0,0.0,0.0,0.0
qo,0.010580381634900137,0.0,0.0,0.010580381634900137,0.010580381634900137,0.0,0.0,0.05290190817450069,0.0,0.0,0.0,0.4549564103007059,0.0,0.0,0.0,0.0,0.0,0.0,0.0,0.0,0.0,0.0,0.0,0.0,0.8887520573316116,0.0,0.0,0.0,0.0,0.0,0.0,0.0,0.0,0.0,0.0,0.0,0.0,0.0,0.0,0.0,0.0,0.0,0.0
qh,0.26323892873252314,0.0,0.2983374525635262,0.1754926191550154,0.07019704766200616,0.0,0.03509852383100308,0.2983374525635262,0.0,0.0,0.0,0.8248153100285724,0.0,0.0,0.01754926191550154,0.03509852383100308,0.01754926191550154,0.0,0.0,0.0,0.0,0.0,0.0,0.0,0.03509852383100308,0.1754926191550154,0.03509852383100308,0.0,0.0,0.0,0.0,0.0,0.01754926191550154,0.0,0.0,0.0,0.0,0.0,0.0,0.0,0.0,0.0,0.0
^h,0.4895996684285695,0.051536807203007316,0.0,0.0,0.051536807203007316,0.07730521080451097,0.07730521080451097,0.0,0.0,0.051536807203007316,0.0,0.025768403601503658,0.0,0.0,0.10307361440601463,0.0,0.0,0.0,0.0,0.0,0.07730521080451097,0.0,0.0,0.0,0.0,0.0,0.8503573188496207,0.0,0.0,0.0,0.0,0.0,0.0,0.0,0.0,0.0,0.0,0.0,0.0,0.0,0.0,0.0,0.0
ar,0.2100902925755561,0.0,0.07878385971583353,0.02626128657194451,0.05252257314388902,0.7615773105863908,0.0,0.0,0.0,0.0,0.0,0.0,0.6040095911547237,0.0,0.0,0.0,0.0,0.0,0.0,0.0,0.02626128657194451,0.0,0.0,0.02626128657194451,0.0,0.0,0.0,0.0,0.0,0.0,0.0,0.0,0.0,0.0,0.0,0.0,0.0,0.0,0.0,0.0,0.0,0.0,0.0
ng,0.9056782897679296,0.0,0.05031546054266276,0.0,0.07547319081399415,0.02515773027133138,0.0,0.0,0.0,0.0,0.0,0.0,0.02515773027133138,0.0,0.0,0.0,0.0,0.0,0.0,0.0,0.3270504935273079,0.0,0.0,0.0,0.0,0.0,0.0,0.0,0.2515773027133138,0.0,0.0,0.0,0.0,0.0,0.0,0.0,0.0,0.0,0.0,0.0,0.0,0.0,0.0
br,0.0,0.0,0.0,0.04233337566673017,0.0,0.0,0.0,0.7196673863344129,0.0,0.0,0.0,0.46566713233403184,0.04233337566673017,0.0,0.0,0.0,0.508000508000762,0.0,0.0,0.0,0.0,0.0,0.0,0.0,0.0,0.0,0.0,0.0,0.0,0.04233337566673017,0.0,0.0,0.04233337566673017,0.0,0.0,0.0,0.0,0.0,0.0,0.0,0.0,0.0,0.0
no,0.818303277009543,0.0,0.177892016741205,0.035578403348241,0.071156806696482,0.0,0.0,0.0,0.0,0.0,0.0,0.0,0.0,0.0,0.32020563013416903,0.0,0.0,0.0,0.0,0.0,0.249048823437687,0.0,0.0,0.035578403348241,0.0,0.0,0.35578403348241,0.0,0.0,0.0,0.0,0.0,0.0,0.0,0.0,0.0,0.0,0.0,0.0,0.0,0.0,0.0,0.0
fp,0.2889738156210036,0.07881104062391008,0.0,0.0,0.0,0.0,0.0,0.3152441624956403,0.0,0.0,0.02627034687463669,0.07881104062391008,0.05254069374927338,0.0,0.0,0.0,0.0,0.0,0.0,0.02627034687463669,0.0,0.0,0.0,0.05254069374927338,0.0,0.0,0.0,0.0,0.0,0.0,0.0,0.8931917937376475,0.0,0.0,0.0,0.0,0.0,0.0,0.0,0.0,0.0,0.0,0.0
qrr,0.12711407958211074,0.0,0.0,0.042371359860703575,0.12711407958211074,0.0,0.0,0.46608495846773934,0.0,0.0,0.0,0.042371359860703575,0.0,0.0,0.0,0.1694854394428143,0.0,0.0,0.0,0.0,0.0,0.0,0.0,0.0,0.0,0.0,0.0,0.0,0.0,0.0,0.0,0.0,0.8474271972140716,0.0,0.0,0.0,0.0,0.0,0.0,0.0,0.0,0.0,0.0
arp_nd,0.9441103659303239,0.0,0.21457053771143725,0.04291410754228745,0.1716564301691498,0.04291410754228745,0.0,0.04291410754228745,0.0,0.0,0.0,0.0,0.0,0.0,0.04291410754228745,0.0,0.0,0.0,0.0,0.0,0.12874232262686236,0.0,0.0,0.0,0.0,0.0,0.04291410754228745,0.0,0.0858282150845749,0.0,0.0,0.0,0.0,0.0,0.0,0.0,0.0,0.0,0.0,0.0,0.0,0.0,0.0
t3,0.7745966692414834,0.12909944487358055,0.12909944487358055,0.5163977794943222,0.12909944487358055,0.12909944487358055,0.12909944487358055,0.12909944487358055,0.0,0.0,0.0,0.0,0.0,0.0,0.0,0.0,0.0,0.0,0.0,0.0,0.0,0.12909944487358055,0.0,0.0,0.0,0.0,0.12909944487358055,0.0,0.0,0.0,0.0,0.0,0.0,0.0,0.0,0.0,0.0,0.0,0.0,0.0,0.0,0.0,0.0
oo_co_cc,0.8778955729143844,0.0,0.0,0.0,0.0,0.0,0.0,0.07980868844676221,0.0,0.0,0.07980868844676221,0.0,0.0,0.0,0.0,0.0,0.0,0.0,0.0,0.0,0.0,0.23942606534028665,0.0,0.0,0.0,0.0,0.39904344223381105,0.0,0.0,0.0,0.0,0.0,0.0,0.0,0.0,0.0,0.0,0.0,0.0,0.0,0.0,0.0,0.0
aap_am,0.26037782196164777,0.0,0.13018891098082389,0.0,0.0,0.9113223768657671,0.0,0.0,0.0,0.0,0.0,0.0,0.0,0.0,0.13018891098082389,0.0,0.0,0.0,0.0,0.0,0.26037782196164777,0.0,0.0,0.0,0.0,0.0,0.0,0.0,0.0,0.0,0.0,0.0,0.0,0.0,0.0,0.0,0.0,0.0,0.0,0.0,0.0,0.0,0.0
bd,0.30065841120113157,0.07516460280028289,0.22549380840084865,0.0,0.5261522196019802,0.30065841120113157,0.15032920560056579,0.0,0.0,0.0,0.0,0.0,0.676481425202546,0.0,0.0,0.0,0.0,0.0,0.0,0.0,0.0,0.0,0.0,0.0,0.0,0.0,0.0,0.07516460280028289,0.0,0.0,0.0,0.0,0.0,0.0,0.0,0.0,0.0,0.0,0.0,0.0,0.0,0.0,0.0
t1,0.173421993904824,0.0,0.086710996952412,0.086710996952412,0.086710996952412,0.0,0.086710996952412,0.086710996952412,0.0,0.0,0.0,0.9538209664765319,0.0,0.086710996952412,0.0,0.086710996952412,0.0,0.0,0.0,0.0,0.0,0.0,0.0,0.0,0.0,0.0,0.086710996952412,0.0,0.0,0.0,0.0,0.0,0.0,0.0,0.0,0.0,0.0,0.0,0.0,0.0,0.0,0.0,0.0
^g,0.0,0.4216370213557839,0.0,0.0,0.0,0.10540925533894598,0.0,0.8432740427115678,0.0,0.0,0.0,0.0,0.0,0.0,0.0,0.0,0.31622776601683794,0.0,0.0,0.0,0.0,0.0,0.0,0.0,0.0,0.0,0.0,0.0,0.0,0.0,0.0,0.0,0.0,0.0,0.0,0.0,0.0,0.0,0.0,0.0,0.0,0.0,0.0
qw^d,0.753778361444409,0.0,0.0,0.0,0.0,0.0,0.0,0.45226701686664544,0.0,0.0,0.0,0.45226701686664544,0.0,0.0,0.0,0.15075567228888181,0.0,0.0,0.0,0.0,0.0,0.0,0.0,0.0,0.0,0.0,0.0,0.0,0.0,0.0,0.0,0.0,0.0,0.0,0.0,0.0,0.0,0.0,0.0,0.0,0.0,0.0,0.0
fa,0.29488391230979427,0.0,0.14744195615489714,0.0,0.14744195615489714,0.0,0.0,0.8846517369293828,0.0,0.0,0.0,0.0,0.0,0.0,0.0,0.29488391230979427,0.0,0.0,0.0,0.0,0.0,0.0,0.0,0.0,0.0,0.0,0.0,0.0,0.0,0.0,0.0,0.0,0.0,0.0,0.0,0.0,0.0,0.0,0.0,0.0,0.0,0.0,0.0
ft,0.0,0.0,0.0,0.0,0.0,0.0,0.0,0.0,0.0,0.0,1.0,0.0,0.0,0.0,0.0,0.0,0.0,0.0,0.0,0.0,0.0,0.0,0.0,0.0,0.0,0.0,0.0,0.0,0.0,0.0,0.0,0.0,0.0,0.0,0.0,0.0,0.0,0.0,0.0,0.0,0.0,0.0,0.0
